0.017494894050144816; 
0.42610171427601684; 
3.477145715889483; 
9.021442098869446; 
12.694157192184603; 
15.766798768828515; 
15.856984427911046; 
16.048504479116005; 
16.58186993565248; 
16.84105538602378; 
17.607202752033274; 
20.698585110696538; 
24.30942627693339; 
24.74974638661507; 
26.655412244047767; 
27.35871383487193; 
28.45632450126295; 
28.970397430713152; 
31.7428956923808; 
32.04132945798814; 
35.639425240030945; 
36.78838114515722; 
37.52191232620801; 
39.72350238693006; 
44.686404382471416; 
45.07836967415937; 
46.29933960657461; 
46.94631450057197; 
48.70938032918046; 
50.46307548537421;